
Eigenvalues and F(k) --> expect F(k)=0:

	k1 =  0.51362117247 	F(k1) =  -1.01585406753e-14
	k2 =  1.75776594163 	F(k2) =  7.97972798949e-17
	k3 =  3.23611037667 	F(k3) =  2.15105711021e-16
	k4 =  4.77493971491 	F(k4) =  3.46944695195e-17
	k5 =  6.32991165322 	F(k5) =  -1.38777878078e-17
	k6 =  7.89128205439 	F(k6) =  3.81639164715e-17

For each eigenvalue, solve for A, B:

	k1 =  0.51362117247 	A, B =  (0.016970075750427086, -0.0032248400311950848)
	k2 =  1.75776594163 	A, B =  (-1.1944186343535859, 0.067273291265229448)
	k3 =  3.23611037667 	A, B =  (-0.035823826846373072, -0.08212378440109358)
	k4 =  4.77493971491 	A, B =  (1.3658673783318473, -0.81233588317940042)
	k5 =  6.32991165322 	A, B =  (-0.51908199840419422, -0.76022402138015033)
	k6 =  7.89128205439 	A, B =  (-0.96136639138120794, 0.71057703769046576)


---Complete---

